Pipe BW
(Same as latency)
4.0   2.08333333333
16.0   8.42548709847
64.0   33.934252386
256.0   135.163674762
1024.0   512.769153731
4096.0   1854.23268447
16384.0   3759.52271684
65536.0   5046.27704628
262144.0   4673.29822536
524288.0   4856.67690668

(100KB to 1000KB)
100000.0   4823.46131584
200000.0   4704.22214993
300000.0   4696.30549943
400000.0   4749.63470263
500000.0   4799.20150501
600000.0   4865.9432631
700000.0   4915.35081263
800000.0   4803.39130955
900000.0   4890.05533733
1000000.0   4883.07475068


Sockets BW
(Same as latency)
4.0   0.482276344345
16.0   1.90544241991
64.0   7.65184122429
256.0   30.2421736562
1024.0   120.868744098
4096.0   445.120625951
16384.0   1405.98987385
65536.0   579.590186509
262144.0   1205.19880645
524288.0   1912.34312938

(100KB to 1000KB)
100000.0   4604.47555023
200000.0   5590.33973641
300000.0   4941.11833978
400000.0   5139.34029963
500000.0   5415.53374152
600000.0   5601.82235497
700000.0   4856.42304407
800000.0   4996.50244829
900000.0   4992.59437382
1000000.0   5190.84119881

